resolve.bpl: 0.004000186920166016
0.004000186920166016
===
E2R_apply.bpl: 0.003000020980834961
EA2A_apply.bpl: 0.003000020980834961
EA2A_match.bpl: 0.003000020980834961
R2R_apply.bpl: 0.0030002593994140625
RA2AK_apply.bpl: 0.004000186920166016
RA2AK_match.bpl: 0.004000425338745117
RA2A_apply.bpl: 0.0030002593994140625
RA2A_match.bpl: 0.0030002593994140625
S2S_apply.bpl: 0.004000186920166016
0.03000164031982422
===
IS2IS_apply.bpl: 0.004000425338745117
IS2IS_match.bpl: 0.002000093460083008
IS2RS_apply.bpl: 0.00500035285949707
IS2RS_match.bpl: 0.0030002593994140625
RS2RS_apply.bpl: 0.0060002803802490234
SM2SM_apply.bpl: 0.004000186920166016
T2TA_apply.bpl: 0.004000186920166016
T2TA_match.bpl: 0.004000186920166016
T2TB_apply.bpl: 0.0030002593994140625
T2TB_match.bpl: 0.003000020980834961
T2TC_apply.bpl: 0.003000020980834961
T2TC_match.bpl: 0.0030002593994140625
0.0740041732788086
===
Collect_apply.bpl: 0.003000020980834961
Collect_match.bpl: 0.004000425338745117
ghostMoveBottom_apply.bpl: 0.003000020980834961
ghostMoveBottom_match.bpl: 0.0030002593994140625
ghostMoveLeft_apply.bpl: 0.003000020980834961
ghostMoveLeft_match.bpl: 0.0030002593994140625
ghostMoveRight_apply.bpl: 0.004000186920166016
ghostMoveRight_match.bpl: 0.004000186920166016
ghostMoveTop_apply.bpl: 0.004000186920166016
ghostMoveTop_match.bpl: 0.003000020980834961
ghostStay_apply.bpl: 0.0030002593994140625
ghostStay_match.bpl: 0.0030002593994140625
Kill_apply.bpl: 0.004000186920166016
Kill_match.bpl: 0.003000020980834961
PlayerMoveBottom_apply.bpl: 0.0030002593994140625
PlayerMoveBottom_match.bpl: 0.0030002593994140625
PlayerMoveLeft_apply.bpl: 0.003000020980834961
PlayerMoveLeft_match.bpl: 0.0030002593994140625
PlayerMoveRight_apply.bpl: 0.003000020980834961
PlayerMoveRight_match.bpl: 0.004000186920166016
PlayerMoveTop_apply.bpl: 0.004000186920166016
PlayerMoveTop_match.bpl: 0.004000186920166016
PlayerStay_apply.bpl: 0.003000020980834961
PlayerStay_match.bpl: 0.002000093460083008
UpdateFrame_apply.bpl: 0.0030002593994140625
UpdateFrame_match.bpl: 0.0030002593994140625
0.15900850296020508
